-9980.609048529384 748.53 0.088 747.7399999999922 569 324.0
-9981.611868753946 393.539 0.047 393.0259999999989 204 177.0
-9980.077498409408 900.428 0.031 899.578999999998 214 379.0
-9981.652869011605 538.187 0.016 537.7500000000005 46 236.0
-9980.487148184811 1166.73 0.032 1165.540000000008 214 518.0
-9981.366304449357 1411.437 0.016 1410.135999999983 126 605.0
-9981.520942798426 566.83 0.031 566.3619999999999 61 243.0
-9981.962325049886 852.18 0.016 851.4370000000031 304 360.0
-9980.481091617228 358.917 0.032 358.55000000000314 225 131.0
-9981.399129235944 603.607 0.031 603.117000000003 38 280.0
-9980.24357247041 512.706 0.031 512.2730000000032 73 216.0
-9981.852845726933 1420.926 0.04 1419.2129999999713 621 629.0
-9980.72283477789 471.795 0.032 471.39100000000434 388 195.0
-9980.261232219747 511.338 0.032 510.8460000000087 414 226.0
-9980.136668348663 550.229 0.028 549.820000000004 173 231.0
-9981.540928791563 345.338 0.032 344.9650000000027 14 146.0
-9981.766271738978 328.764 0.032 328.4350000000023 311 140.0
-9980.386005221491 417.151 0.032 416.7850000000041 342 180.0
-9980.166463687594 224.63 0.032 224.36100000000036 417 101.0
-9980.586084732424 336.672 0.032 336.2880000000022 335 149.0
