-3029.99999627348 25.655 0.0 25.445000000000025 318
-3029.9999999996217 29.247 0.0 29.137999999999938 48
-3029.9999999144966 25.827 0.0 25.751000000000005 462
-3029.9999994574246 30.89 0.0 30.793000000000053 480
-3029.99999999951 28.325 0.001 28.24 432
-3029.9999999873826 23.288 0.0 23.241000000000078 370
-3029.9999999955535 25.682 0.0 25.63800000000004 436
-3029.999999999869 21.365 0.0 21.321999999999914 272
-3029.99999922604 30.061 0.0 30.01900000000007 22
-3029.9999998821277 28.364 0.0 28.312999999999935 156
-3029.99999739519 26.723 0.0 26.66499999999995 532
-3029.999999999771 36.78 0.0 36.70900000000019 548
-3029.9999987482715 16.136 0.0 16.11599999999995 440
-3029.9999994103837 23.182 0.0 23.14499999999999 122
-3029.9999995786 21.573 0.0 21.527000000000015 256
-3029.999999999556 26.938 0.0 26.899999999999967 230
-3029.9999997962805 21.849 0.0 21.82600000000005 70
-3029.9999999756355 22.213 0.0 22.173999999999953 272
-3029.999999970887 29.412 0.0 29.366000000000046 436
-3029.999999953201 25.699 0.001 25.66899999999996 410
