-9986.477487327702 168.369 0.0 168.0509999999998 103 88.0
-9987.77334443559 172.199 0.0 172.0009999999998 265 103.0
-9984.401104736351 266.78 0.0 266.4369999999995 100 178.0
-9993.682865890405 184.258 0.004 184.06899999999965 205 132.0
-9985.640986598477 165.264 0.0 165.02899999999997 14 112.0
-9988.60036302512 168.946 0.001 168.68099999999978 524 117.0
-9989.570153885008 97.491 0.0 97.42799999999968 172 49.0
-9991.763654754384 373.028 0.0 372.6100000000023 504 270.0
-9986.66502444575 97.662 0.0 97.57700000000015 319 73.0
-9989.331353376905 131.551 0.0 131.4699999999999 343 90.0
-9985.937209021564 194.572 0.0 194.37800000000001 90 130.0
-9991.4345487086 145.004 0.0 144.88600000000014 278 93.0
-9995.957459844592 124.854 0.0 124.79099999999967 431 79.0
-9994.398329901665 226.478 0.0 226.2620000000009 260 139.0
-9994.838762813006 195.311 0.0 195.279 128 109.0
-9991.707359138732 216.551 0.0 216.44100000000049 108 70.0
-9981.768788870551 95.534 0.0 95.52199999999989 356 35.0
-9968.0 66.588 0.0 66.50199999999977 14 32.0
-9990.147203104447 229.789 0.0 229.67600000000013 293 95.0
-9988.319261317729 236.454 0.0 236.2989999999995 284 129.0
