-9999.2083488091 46.617 0.0 46.41499999999909 178 84.0
-9993.833369972179 17.676 0.0 17.668000000000003 260 40.0
-9997.940625538024 34.06 0.0 34.00299999999963 486 67.0
-9999.02945913635 53.899 0.0 53.85999999999872 180 99.0
-9999.39997250717 57.269 0.0 57.1579999999987 300 99.0
-9999.31003819693 30.573 0.0 30.486999999999664 160 67.0
-9998.807842111208 37.201 0.0 37.155999999999416 362 78.0
-9999.764583441322 71.844 0.0 71.82799999999874 142 135.0
-9998.893749117522 36.345 0.0 36.267999999999375 24 78.0
-9999.410066895696 41.135 0.0 41.11999999999933 400 70.0
-9998.70210549865 41.476 0.0 41.35499999999921 220 90.0
-9999.206202124642 25.656 0.0 25.651999999999845 494 56.0
-9998.859098704103 40.969 0.0 40.906999999999464 512 79.0
-9999.08297577173 70.108 0.0 70.04099999999885 242 122.0
-9998.932966498161 28.209 0.0 28.19199999999982 326 51.0
-9998.62682912708 25.181 0.0 25.116999999999905 450 42.0
-9999.157872702663 59.044 0.0 58.96199999999859 46 106.0
-9999.372803644685 39.354 0.0 39.33899999999943 270 71.0
-9993.858679524516 31.634 0.0 31.58399999999976 280 55.0
-9999.05410603288 48.884 0.0 48.838999999999146 180 84.0
