-9999.885103389872 748.429 0.079 747.1619999999839 285 556.0
0.023683949600614342 1319.94 0.048 1317.4949999999783 266 1000.0
-9998.281496052266 106.916 0.007 106.86900000000009 42 78.0
0.02966620763536386 1349.34 0.011 1346.389000000019 108 1000.0
0.029893635242171944 1330.952 0.018 1328.2770000000328 474 1000.0
-9998.275421228234 88.869 0.016 88.74499999999985 28 66.0
-9999.077136764703 341.202 0.015 340.79300000000313 492 239.0
-9998.964104167802 175.01 0.031 174.72599999999966 349 121.0
-9999.593621943612 563.924 0.016 563.0530000000003 295 378.0
-9998.856220481663 162.024 0.016 161.8500000000002 51 116.0
-9998.32658709495 277.282 0.016 276.9389999999988 452 219.0
-9998.892563290412 186.037 0.016 185.78799999999933 94 137.0
-9998.962211744918 641.777 0.016 640.6350000000056 344 487.0
-9998.23135093162 340.865 0.006 340.65900000000295 137 255.0
-9998.412083193203 269.183 0.015 268.913999999998 336 198.0
-9999.429148769828 974.626 0.015 973.0219999999628 293 731.0
0.04001823179753792 1372.057 0.031 1369.196000000086 135 1000.0
-9998.592377944797 123.359 0.016 123.31400000000018 551 86.0
0.04001150933339657 1289.059 0.031 1286.4800000000275 140 1000.0
0.03949382811723987 1380.257 0.015 1378.453000000024 219 1000.0
