-9996.108309866366 63.559 0.0 63.390999999999934 495 54.0
-9998.20351980025 115.882 0.0 115.75399999999988 453 131.0
-9998.421728075456 98.053 0.0 97.99999999999973 583 95.0
-9997.53359912574 137.692 0.0 137.54399999999964 210 108.0
-9998.885645454702 95.322 0.0 95.2099999999997 424 94.0
-9998.44511286999 64.228 0.0 64.16499999999928 53 73.0
-9997.051547428087 65.882 0.0 65.84399999999974 269 67.0
-9992.411261795545 91.584 0.0 91.46400000000067 262 116.0
-9997.466417205655 73.214 0.0 73.15999999999983 323 76.0
-9997.924597054103 78.273 0.0 78.24699999999952 263 84.0
-9998.01059501785 96.574 0.0 96.52699999999948 50 98.0
-9993.449636718933 52.547 0.0 52.5289999999996 323 54.0
-9996.322572470226 63.556 0.0 63.508999999999666 405 61.0
-9997.485046406428 80.776 0.0 80.74099999999977 454 68.0
-9998.764009011034 95.819 0.0 95.74799999999958 503 97.0
-9997.348661527038 103.762 0.0 103.70999999999975 199 88.0
-9996.79785033392 68.963 0.0 68.84099999999954 441 80.0
-9998.666767727145 158.315 0.0 158.14799999999977 84 170.0
-9996.8553772374 76.442 0.0 76.3979999999998 481 82.0
-9996.83847851739 97.626 0.0 97.54099999999991 366 92.0
