-3134.7487919460564 84.809 0.02 84.43900000000079 484 158.0
-3134.9420619903885 79.335 0.01 79.13700000000078 332 150.0
-3119.897449139101 66.507 0.009 66.37100000000022 96 130.0
-3132.9795365928867 34.967 0.01 34.86199999999992 295 70.0
-3119.683209285611 41.951 0.01 41.86599999999999 304 83.0
-3134.2833051298576 96.461 0.012 96.28000000000135 257 184.0
-3134.849979487506 123.059 0.012 122.84000000000248 505 233.0
-3134.884581789659 106.183 0.01 105.96100000000197 213 209.0
-3134.999970750331 82.991 0.005 82.85600000000123 408 162.0
-3134.8295219877036 88.172 0.016 87.97900000000017 69 185.0
-3134.8969841964627 61.362 0.016 61.16799999999841 100 128.0
-3134.547667125955 99.368 0.01 99.18900000000184 17 194.0
-3134.2260590405676 32.903 0.0 32.86899999999993 497 67.0
-3134.849891223307 83.511 0.016 83.36899999999997 230 166.0
-3134.899076022639 102.018 0.016 101.82900000000168 529 205.0
-3134.549934600096 113.212 0.01 112.98800000000213 447 237.0
-3119.578286458438 60.683 0.015 60.503999999998555 622 126.0
-3119.5331129179904 59.468 0.008 59.4269999999985 466 120.0
-3133.6599889942772 43.78 0.015 43.668999999999535 350 89.0
-3130.445573918272 38.916 0.0 38.82099999999942 319 83.0
